A = [ 1,  0,  0,  0,  0, 0;
      0, 0.25, 1, 0.25, 0,0;
      0, 0,    0.25, 1, 0.25,0;
      0, 0, 0, 0.25, 1,0.25;
      0, 0, 0, 0, 0,1
];
B=[0;-0.5884;0.1512;-0.0488;0];
X=A\B;
C=[1 0 0; 0.5 2 0.5; 0 0 1];
D=[0;1.1278;0];
Y=C\D;

